# NACELA TFG - Revision B2 - cuerpo verde simple, solido y sin caladuras
revision=B2
source_assembly=%USERPROFILE%\Desktop\AlaSW\ALA_COMPLETA_MECANISMOS.SLDASM
output_directory=generated

# Sistema global del conjunto. La pieza se crea localmente con plano de helice en X=0.
x_le_motor_global_m=-0.739330
prop_plane_ahead_le_m=1.000000
y_motor_m=4.300000
z_axis_global_m=-0.880000
local_chord_m=2.958955

# Requisitos de la hoja 03_CONFIGURACION.
x_front_local_m=0.000000
x_aft_local_m=2.556000
length_m=2.556000
max_width_m=0.920000
max_height_m=1.340000
engine_length_m=2.130000
engine_width_m=0.720000
engine_height_m=0.840000
intake_required_area_m2=0.1846585

# CUERPO CENTRAL VERDE.
# Se usa como loft de elipses verdaderas, sin guias y sin filetes automaticos.
# El extremo posterior queda ancho para representar solo la pieza verde; no se
# genera todavia el carenado azul posterior ni un boattail en punta.
# x;width;height;z_center;n_side;n_top;n_bottom
oml.O00=0.320000;0.700;0.840;-0.060;2.00;2.00;2.00
oml.O01=0.480000;0.820;0.980;-0.080;2.00;2.00;2.00
oml.O02=0.680000;0.900;1.080;-0.080;2.00;2.00;2.00
oml.O03=0.920000;0.920;1.120;-0.050;2.00;2.00;2.00
oml.O04=1.200000;0.920;1.100;-0.030;2.00;2.00;2.00
oml.O05=1.500000;0.900;1.060;0.000;2.00;2.00;2.00
oml.O06=1.800000;0.860;1.000;0.020;2.00;2.00;2.00
oml.O07=2.080000;0.820;0.940;0.040;2.00;2.00;2.00
oml.O08=2.300000;0.780;0.880;0.050;2.00;2.00;2.00
oml.O09=2.460000;0.740;0.840;0.055;2.00;2.00;2.00
oml.O10=2.556000;0.720;0.820;0.060;2.00;2.00;2.00

# BOSS CIRCULAR SUPERIOR.
# Es un loft separado: circulo frontal -> elipses progresivas -> penetracion
# dentro del cuerpo central. Luego se suma mediante Combine/Add.
# x;width;height;z_center;n_side;n_top;n_bottom
nose.N00=0.000000;0.280;0.280;0.000;2.00;2.00;2.00
nose.N01=0.060000;0.340;0.340;0.000;2.00;2.00;2.00
nose.N02=0.140000;0.420;0.460;-0.005;2.00;2.00;2.00
nose.N03=0.240000;0.520;0.580;-0.015;2.00;2.00;2.00
nose.N04=0.360000;0.640;0.720;-0.030;2.00;2.00;2.00
nose.N05=0.500000;0.760;0.860;-0.050;2.00;2.00;2.00
nose.N06=0.620000;0.840;0.960;-0.070;2.00;2.00;2.00

# TOMA INFERIOR RECTANGULAR REDONDEADA.
# Es otro loft separado. La boca frontal queda cerrada para revisar solamente
# la forma exterior. Las ultimas secciones penetran en la panza y se suman con
# Combine/Add. La seccion mas baja lleva la altura total cerca de 1.34 m.
# x;width;height;z_center;corner_radius_referencia
intake.I00=0.060000;0.360;0.140;-0.390;0.040
intake.I01=0.160000;0.420;0.160;-0.430;0.045
intake.I02=0.280000;0.500;0.200;-0.500;0.055
intake.I03=0.420000;0.580;0.240;-0.590;0.070
intake.I04=0.580000;0.620;0.280;-0.680;0.085
intake.I05=0.740000;0.580;0.250;-0.640;0.075
intake.I06=0.900000;0.460;0.180;-0.550;0.055

# Saddle conservado para una revision posterior. B2 Stage 1 actual no lo genera.
# x;width;z_bottom;z_top
saddle.F00=0.620000;0.150;0.350;0.480
saddle.F01=0.780000;0.380;0.370;0.600
saddle.F02=1.000000;0.660;0.380;0.730
saddle.F03=1.280000;0.760;0.360;0.750
saddle.F04=1.580000;0.760;0.330;0.750
saddle.F05=1.880000;0.660;0.280;0.700
saddle.F06=2.140000;0.460;0.220;0.600
saddle.F07=2.340000;0.200;0.160;0.450

skin_r=0.70
skin_g=0.72
skin_b=0.75
