# NACELA TFG - Revision B2 - frente nuevo, solido y sin caladuras
revision=B2
source_assembly=%USERPROFILE%\Desktop\AlaSW\ALA_COMPLETA_MECANISMOS.SLDASM
output_directory=generated

# Sistema global del conjunto. La pieza se crea localmente con plano de helice en X=0.
x_le_motor_global_m=-0.739330
prop_plane_ahead_le_m=1.000000
y_motor_m=4.300000
z_axis_global_m=-0.880000
local_chord_m=2.958955

# Requisitos de la hoja 03_CONFIGURACION.
x_front_local_m=0.000000
x_aft_local_m=2.556000
length_m=2.556000
max_width_m=0.920000
max_height_m=1.340000
engine_length_m=2.130000
engine_width_m=0.720000
engine_height_m=0.840000
intake_required_area_m2=0.1846585

# OML posterior. El builder usa estas secciones desde x=0.44 en adelante.
# x;width;height;z_center;n_side;n_top;n_bottom
oml.O00=0.280000;0.640;0.780;-0.020;2.45;2.25;2.80
oml.O01=0.440000;0.800;0.980;-0.080;2.70;2.35;3.00
oml.O02=0.660000;0.900;1.100;-0.110;2.95;2.50;3.20
oml.O03=0.900000;0.920;1.120;-0.110;3.10;2.60;3.30
oml.O04=1.200000;0.920;1.100;-0.100;3.10;2.60;3.30
oml.O05=1.500000;0.890;1.040;-0.070;3.00;2.55;3.20
oml.O06=1.780000;0.830;0.940;-0.020;2.85;2.45;3.10
oml.O07=2.020000;0.740;0.820;0.040;2.70;2.35;2.95
oml.O08=2.220000;0.620;0.680;0.090;2.55;2.28;2.82
oml.O09=2.400000;0.440;0.480;0.140;2.35;2.18;2.65
oml.O10=2.556000;0.180;0.220;0.190;2.15;2.08;2.50

# Frente integrado. El circulo del spinner y las elipses pertenecen al mismo loft
# que la OML; no se crea un segundo loft con Merge result.
# x;width;height;z_center;n_side;n_top;n_bottom
nose.N00=0.000000;0.280;0.280;0.000;2.00;2.00;2.00
nose.N01=0.050000;0.350;0.350;0.000;2.02;2.02;2.02
nose.N02=0.120000;0.440;0.500;-0.010;2.12;2.08;2.18
nose.N03=0.210000;0.560;0.680;-0.040;2.28;2.18;2.42
nose.N04=0.340000;0.710;0.880;-0.075;2.48;2.28;2.68
nose.N05=0.460000;0.820;1.000;-0.095;2.68;2.38;2.92
nose.N06=0.580000;0.880;1.070;-0.105;2.82;2.46;3.08

# Toma inferior exterior completamente solida y cerrada.
# Se construye como superelipses de exponente 4.2 y despues se suma por Combine/Add.
# x;width;height;z_center;corner_radius_referencia
intake.I00=0.140000;0.360;0.140;-0.420;0.045
intake.I01=0.240000;0.460;0.180;-0.470;0.055
intake.I02=0.360000;0.560;0.230;-0.530;0.070
intake.I03=0.500000;0.620;0.270;-0.570;0.085
intake.I04=0.660000;0.600;0.260;-0.560;0.085
intake.I05=0.820000;0.500;0.210;-0.500;0.070
intake.I06=0.960000;0.340;0.130;-0.400;0.045

# Saddle conservado para una revision posterior. B2 Stage 1 actual no lo genera.
# x;width;z_bottom;z_top
saddle.F00=0.620000;0.150;0.350;0.480
saddle.F01=0.780000;0.380;0.370;0.600
saddle.F02=1.000000;0.660;0.380;0.730
saddle.F03=1.280000;0.760;0.360;0.750
saddle.F04=1.580000;0.760;0.330;0.750
saddle.F05=1.880000;0.660;0.280;0.700
saddle.F06=2.140000;0.460;0.220;0.600
saddle.F07=2.340000;0.200;0.160;0.450

skin_r=0.70
skin_g=0.72
skin_b=0.75
