# NACELA TFG - Revision A2 - referencia verde tipo transporte turbohelice
revision=A2
source_assembly=%USERPROFILE%\Desktop\AlaSW\ALA_COMPLETA_MECANISMOS.SLDASM
output_directory=generated

# Integracion con el ala real.
# La pieza se crea en coordenadas locales; el plano de helice es x=0.
x_le_motor_global_m=-0.739330
prop_plane_ahead_le_m=1.000000
y_motor_m=4.300000
z_axis_global_m=-0.880000
wing_gap_m=0.008000
local_chord_m=2.958955

# Requisitos de la hoja 03_CONFIGURACION.
x_front_local_m=0.000000
x_aft_local_m=2.556000
length_m=2.556000
max_width_m=0.920000
max_height_m=1.340000
engine_length_m=2.130000
engine_width_m=0.720000
engine_height_m=0.840000

# Toma principal inferior integrada. Area eliptica = 0.1848 m2.
intake_required_area_m2=0.1846585
intake_width_m=0.650000
intake_height_m=0.362000
intake_x_outer_m=0.180000
intake_x_capture_m=0.340000
intake_x_interface_m=0.880000
intake_z_outer_m=-0.620000
intake_z_interface_m=-0.300000
intake_lip_pocket_width_m=0.710000
intake_lip_pocket_height_m=0.420000

# Dos escapes laterales altos, rectangulares redondeados y enrasados.
exhaust_x_m=1.720000
exhaust_z_m=0.040000
exhaust_length_m=0.340000
exhaust_height_m=0.180000
exhaust_outer_y_m=0.505000
exhaust_inner_y_m=0.250000
exhaust_recess_inner_y_m=0.400000
exhaust_bezel_length_m=0.460000
exhaust_bezel_height_m=0.300000
exhaust_equiv_each_m=0.606770

# Tomas NACA pequenas para refrigeracion de accesorios.
naca_x_m=1.170000
naca_z_m=0.080000
naca_length_m=0.220000
naca_height_m=0.070000
naca_outer_y_m=0.475000
naca_inner_y_m=0.315000

# Capos y lineas funcionales de mantenimiento, Stage 3.
cowl_x_m=0.970000
cowl_z_m=0.020000
cowl_length_m=1.060000
cowl_height_m=0.700000
cowl_outer_y_m=0.505000
cowl_inner_y_m=0.442000
oil_panel_x_m=1.330000
oil_panel_z_m=-0.350000
oil_panel_length_m=0.300000
oil_panel_height_m=0.180000
firewall_x_m=1.520000
firewall_groove_width_m=0.018000

# Secciones OML locales: x;width;height;z_center_offset;n_side;n_top;n_bottom
# Morro lleno, hombros verticales, panza profunda y boattail corto.
section.S00=0.040000;0.340;0.420;0.020;2.20;2.10;2.60
section.S01=0.140000;0.560;0.720;-0.020;2.30;2.20;2.70
section.S02=0.300000;0.740;1.020;-0.090;2.50;2.30;2.90
section.S03=0.520000;0.880;1.240;-0.160;2.80;2.45;3.10
section.S04=0.780000;0.920;1.340;-0.200;3.00;2.60;3.30
section.S05=1.050000;0.920;1.340;-0.200;3.00;2.60;3.30
section.S06=1.350000;0.910;1.300;-0.190;2.95;2.55;3.25
section.S07=1.650000;0.880;1.180;-0.150;2.80;2.45;3.10
section.S08=1.950000;0.800;0.980;-0.080;2.60;2.35;2.95
section.S09=2.220000;0.680;0.760;-0.010;2.45;2.25;2.80
section.S10=2.420000;0.500;0.540;0.050;2.30;2.15;2.65
section.S11=2.556000;0.300;0.320;0.080;2.15;2.10;2.50

# Fairing superior ancho tipo saddle. El BA local esta en x=1.000 m.
# El fairing se solapa con el OML y sube hasta el intrados real.
fairing.F00=0.620000;0.160;0.360;0.480
fairing.F01=0.820000;0.440;0.380;0.620
fairing.F02=1.000000;0.700;0.360;0.720
fairing.F03=1.300000;0.780;0.320;0.740
fairing.F04=1.650000;0.780;0.280;0.740
fairing.F05=1.950000;0.700;0.240;0.700
fairing.F06=2.250000;0.520;0.180;0.600
fairing.F07=2.480000;0.260;0.100;0.400

skin_r=0.70
skin_g=0.72
skin_b=0.75
