# NACELA TFG - Revision A1
revision=A1
source_assembly=%USERPROFILE%\Desktop\AlaSW\ALA_COMPLETA_MECANISMOS.SLDASM
output_directory=generated

# Integracion con el ala real.
# Ejes del ensamblaje existente: X cuerda/longitudinal, Y envergadura, Z vertical.
x_le_motor_global_m=-0.739330
prop_plane_ahead_le_m=1.600000
y_motor_m=4.300000
z_axis_global_m=-0.550000
wing_gap_m=0.050000
local_chord_m=2.958955

# Envolvente adoptada de la hoja 03_CONFIGURACION refinada.
x_front_local_m=0.000000
x_aft_local_m=2.750000
length_m=2.750000
max_width_m=0.900000
max_height_m=1.100000
engine_length_m=2.130000
engine_width_m=0.720000
engine_height_m=0.840000

# Toma principal inferior. El area eliptica 0.650 x 0.362 es 0.1848 m2.
intake_required_area_m2=0.1846585
intake_width_m=0.650000
intake_height_m=0.362000
intake_x_outer_m=0.280000
intake_x_capture_m=0.520000
intake_x_interface_m=0.900000
intake_z_outer_m=-0.420000
intake_z_interface_m=-0.190000

# Dos escapes laterales compactos; el area equivalente anterior queda solo como referencia.
exhaust_x_m=2.050000
exhaust_z_m=-0.030000
exhaust_length_m=0.360000
exhaust_height_m=0.160000
exhaust_outer_y_m=0.500000
exhaust_inner_y_m=0.250000
exhaust_equiv_each_m=0.606770

# Tomas NACA pequenas para ventilacion/accesorios, no para alimentar el motor.
naca_x_m=1.350000
naca_z_m=0.120000
naca_length_m=0.300000
naca_height_m=0.110000
naca_outer_y_m=0.470000
naca_inner_y_m=0.300000

# Secciones OML locales: x;width;height;z_center_offset;n_side;n_top;n_bottom
# La parte superior queda contenida y la panza reserva volumen para accesorios.
section.S00=0.050000;0.360;0.400;0.020;2.20;2.15;2.55
section.S01=0.160000;0.560;0.650;0.000;2.30;2.20;2.65
section.S02=0.360000;0.740;0.850;-0.050;2.45;2.30;2.80
section.S03=0.680000;0.860;1.020;-0.100;2.60;2.40;2.95
section.S04=1.050000;0.900;1.100;-0.160;2.75;2.55;3.10
section.S05=1.450000;0.900;1.080;-0.150;2.75;2.55;3.10
section.S06=1.850000;0.860;1.000;-0.120;2.65;2.45;3.00
section.S07=2.200000;0.760;0.840;-0.070;2.50;2.35;2.85
section.S08=2.500000;0.640;0.680;-0.020;2.35;2.25;2.70
section.S09=2.750000;0.480;0.500;0.020;2.20;2.15;2.55

# Fairing superior local. El borde de ataque del ala queda en x local=1.600 m.
# El techo visible queda aproximadamente 50 mm bajo el intrados medido.
fairing.F00=1.150000;0.140;0.290;0.340
fairing.F01=1.450000;0.380;0.310;0.390
fairing.F02=1.750000;0.500;0.310;0.400
fairing.F03=2.150000;0.400;0.270;0.370
fairing.F04=2.450000;0.180;0.200;0.300

skin_r=0.72
skin_g=0.74
skin_b=0.77
