# NACELA TFG - parametros base de revision
revision=A0
source_assembly=%USERPROFILE%\Desktop\AlaSW\ALA_COMPLETA_MECANISMOS.SLDASM
output_directory=generated

# Sistema global del ensamble: X popa, Y semiala derecha, Z arriba
x_front_m=-1.739330
x_aft_m=0.816670
y_motor_m=4.300000
z_axis_m=-0.880000
wing_gap_m=0.008000

# Envolvente y limites adoptados de la hoja 3
length_m=2.556000
max_width_m=0.920000
max_height_m=1.340000
engine_length_m=2.130000
engine_width_m=0.720000
engine_height_m=0.840000

# Secciones OML: nombre=x;width;height;z_center;n_side;n_top;n_bottom
# Son deliberadamente asimetricas: techo contenido y panza mas llena.
section.S00=-1.739330;0.340;0.400;-0.840;2.20;2.10;2.55
section.S01=-1.600000;0.560;0.720;-0.860;2.30;2.15;2.65
section.S02=-1.360000;0.760;1.020;-0.880;2.45;2.25;2.80
section.S03=-1.050000;0.880;1.220;-0.900;2.60;2.35;2.90
section.S04=-0.700000;0.920;1.340;-0.920;2.70;2.45;3.00
section.S05=-0.250000;0.910;1.300;-0.920;2.70;2.45;3.00
section.S06=0.150000;0.840;1.180;-0.900;2.60;2.35;2.90
section.S07=0.480000;0.720;0.960;-0.860;2.45;2.25;2.80
section.S08=0.720000;0.560;0.720;-0.820;2.30;2.15;2.65
section.S09=0.816670;0.440;0.560;-0.780;2.20;2.10;2.55

# Fairing superior. z_top sigue el intrados medido y deja 8-10 mm de luz.
# nombre=x;width;z_bottom;z_top
fairing.F00=-0.720000;0.120;-0.290;-0.128
fairing.F01=-0.400000;0.400;-0.295;-0.154
fairing.F02=0.050000;0.520;-0.305;-0.169
fairing.F03=0.450000;0.340;-0.385;-0.165

# Acabado visual de Stage 1
skin_r=0.72
skin_g=0.74
skin_b=0.77
