# NACELA TFG - Revision B2 - frente completamente nuevo y solido
revision=B2
source_assembly=%USERPROFILE%\Desktop\AlaSW\ALA_COMPLETA_MECANISMOS.SLDASM
output_directory=generated

# Sistema global del conjunto. La pieza se crea localmente con plano de helice en X=0.
x_le_motor_global_m=-0.739330
prop_plane_ahead_le_m=1.000000
y_motor_m=4.300000
z_axis_global_m=-0.880000
local_chord_m=2.958955

# Requisitos de la hoja 03_CONFIGURACION.
x_front_local_m=0.000000
x_aft_local_m=2.556000
length_m=2.556000
max_width_m=0.920000
max_height_m=1.340000
engine_length_m=2.130000
engine_width_m=0.720000
engine_height_m=0.840000
intake_required_area_m2=0.1846585

# OML principal B2. Comienza detras de la nariz para permitir un boss frontal independiente.
# x;width;height;z_center;n_side;n_top;n_bottom
oml.O00=0.280000;0.640;0.780;-0.020;2.45;2.25;2.80
oml.O01=0.440000;0.800;0.980;-0.080;2.70;2.35;3.00
oml.O02=0.660000;0.900;1.100;-0.110;2.95;2.50;3.20
oml.O03=0.900000;0.920;1.120;-0.110;3.10;2.60;3.30
oml.O04=1.200000;0.920;1.100;-0.100;3.10;2.60;3.30
oml.O05=1.500000;0.890;1.040;-0.070;3.00;2.55;3.20
oml.O06=1.780000;0.830;0.940;-0.020;2.85;2.45;3.10
oml.O07=2.020000;0.740;0.820;0.040;2.70;2.35;2.95
oml.O08=2.220000;0.620;0.680;0.090;2.55;2.28;2.82
oml.O09=2.400000;0.440;0.480;0.140;2.35;2.18;2.65
oml.O10=2.556000;0.180;0.220;0.190;2.15;2.08;2.50

# Boss frontal nuevo. Pasa de circulo a ovalo vertical y se solapa con la OML.
# x;width;height;z_center;n_side;n_top;n_bottom
nose.N00=-0.020000;0.280;0.280;0.000;2.00;2.00;2.00
nose.N01=0.040000;0.360;0.360;0.000;2.05;2.05;2.05
nose.N02=0.110000;0.440;0.500;-0.010;2.15;2.10;2.20
nose.N03=0.200000;0.560;0.680;-0.040;2.30;2.20;2.45
nose.N04=0.320000;0.700;0.880;-0.080;2.50;2.30;2.70
nose.N05=0.460000;0.820;1.020;-0.100;2.70;2.40;2.95
nose.N06=0.580000;0.880;1.080;-0.110;2.85;2.48;3.10

# Toma inferior exterior completamente solida y cerrada.
# La primera cara queda como rectangulo ovalado cerrado para revisar la forma frontal.
# x;width;height;z_center;corner_radius
intake.I00=0.100000;0.380;0.150;-0.480;0.045
intake.I01=0.180000;0.460;0.190;-0.530;0.060
intake.I02=0.300000;0.560;0.240;-0.600;0.075
intake.I03=0.440000;0.620;0.280;-0.660;0.090
intake.I04=0.600000;0.640;0.300;-0.670;0.095
intake.I05=0.780000;0.580;0.270;-0.630;0.085
intake.I06=0.940000;0.440;0.180;-0.520;0.065
intake.I07=1.050000;0.260;0.100;-0.420;0.040

# Saddle superior B2, mas bajo y progresivo que el B1.
# x;width;z_bottom;z_top
saddle.F00=0.620000;0.150;0.350;0.480
saddle.F01=0.780000;0.380;0.370;0.600
saddle.F02=1.000000;0.660;0.380;0.730
saddle.F03=1.280000;0.760;0.360;0.750
saddle.F04=1.580000;0.760;0.330;0.750
saddle.F05=1.880000;0.660;0.280;0.700
saddle.F06=2.140000;0.460;0.220;0.600
saddle.F07=2.340000;0.200;0.160;0.450

skin_r=0.70
skin_g=0.72
skin_b=0.75
